49982
49980
49978
49976
49974
49972
49970
49968
49966
49964
49962
49960
49958
49956
49954
49952
49950
49948
49946
49944
49942
49940
49938
49936
49934
49932
49930
49928
49926
49924
49922
49920
49918
49916
49914
49912
49910
49908
49906
49904
49902
49900
49898
49896
49894
49892
49890
49888
49886
49884
49882
49880
49878
49876
49874
49872
49870
49868
49866
49864
49862
49860
49858
49856
49854
49852
49850
49848
49846
49844
49842
49840
49838
49836
49834
49832
49830
49828
49826
49824
49822
49820
49818
49816
49814
49812
49810
49808
49806
49804
49802
49800
49798
49796
49794
49792
49790
49788
49786
49784
49782
49780
49778
49776
49774
49772
49770
49768
49766
49764
49762
49760
49758
49756
49754
49752
49750
49748
49746
49744
49742
49740
49738
49736
49734
49732
49730
49728
49726
49724
49722
49720
49718
49716
49714
49712
49710
49708
49706
49704
49702
49700
49698
49696
49694
49692
49690
49688
49686
49684
49682
49680
49678
49676
49674
49672
49670
49668
49666
49664
49662
49660
49658
49656
49654
49652
49650
49648
49646
49644
49642
49640
49638
49636
49634
49632
49630
49628
49626
49624
49622
49620
49618
49616
49614
49612
49610
49608
49606
49604
49602
49600
49598
49596
49594
49592
49590
49588
49586
49584
49582
49580
49578
49576
49574
49572
49570
49568
49566
49564
49562
49560
49558
49556
49554
49552
49550
49548
49546
49544
49542
49540
49538
49536
49534
49532
49530
49528
49526
49524
49522
49520
49518
49516
49514
49512
49510
49508
49506
49504
49502
49500
49498
49496
49494
49492
49490
49488
49486
49484
49482
49480
49478
49476
49474
49472
49470
49468
49466
49464
49462
49460
49458
49456
49454
49452
49450
49448
49446
49444
49442
49440
49438
49436
49434
49432
49430
49428
49426
49424
49422
49420
49418
49416
49414
49412
49410
49408
49406
49404
49402
49400
49398
49396
49394
49392
49390
49388
49386
49384
49382
49380
49378
49376
49374
49372
49370
49368
49366
49364
49362
49360
49358
49356
49354
49352
49350
49348
49346
49344
49342
49340
49338
49336
49334
49332
49330
49328
49326
49324
49322
49320
49318
49316
49314
49312
49310
49308
49306
49304
49302
49300
49298
49296
49294
49292
49290
49288
49286
49284
49282
49280
49278
49276
49274
49272
49270
49268
49266
49264
49262
49260
49258
49256
49254
49252
49250
49248
49246
49244
49242
49240
49238
49236
49234
49232
49230
49228
49226
49224
49222
49220
49218
49216
49214
49212
49210
49208
49206
49204
49202
49200
49198
49196
49194
49192
49190
49188
49186
49184
49182
49180
49178
49176
49174
49172
49170
49168
49166
49164
49162
49160
49158
49156
49154
49152
49150
49148
49146
49144
49142
49140
49138
49136
49134
49132
49130
49128
49126
49124
49122
49120
49118
49116
49114
49112
49110
49108
49106
49104
49102
49100
49098
49096
49094
49092
49090
49088
49086
49084
49082
49080
49078
49076
49074
49072
49070
49068
49066
49064
49062
49060
49058
49056
49054
49052
49050
49048
49046
49044
49042
49040
49038
49036
49034
49032
49030
49028
49026
49024
49022
49020
49018
49016
49014
49012
49010
49008
49006
49004
49002
49000
48998
48996
48994
48992
48990
48988
48986
48984
48982
48980
48978
48976
48974
48972
48970
48968
48966
48964
48962
48960
48958
48956
48954
48952
48950
48948
48946
48944
48942
48940
48938
48936
48934
48932
48930
48928
48926
48924
48922
48920
48918
48916
48914
48912
48910
48908
48906
48904
48902
48900
48898
48896
48894
48892
48890
48888
48886
48884
48882
48880
48878
48876
48874
48872
48870
48868
48866
48864
48862
48860
48858
48856
48854
48852
48850
48848
48846
48844
48842
48840
48838
48836
48834
48832
48830
48828
48826
48824
48822
48820
48818
48816
48814
48812
48810
48808
48806
48804
48802
48800
48798
48796
48794
48792
48790
48788
48786
48784
48782
48780
48778
48776
48774
48772
48770
48768
48766
48764
48762
48760
48758
48756
48754
48752
48750
48748
48746
48744
48742
48740
48738
48736
48734
48732
48730
48728
48726
48724
48722
48720
48718
48716
48714
48712
48710
48708
48706
48704
48702
48700
48698
48696
48694
48692
48690
48688
48686
48684
48682
48680
48678
48676
48674
48672
48670
48668
48666
48664
48662
48660
48658
48656
48654
48652
48650
48648
48646
48644
48642
48640
48638
48636
48634
48632
48630
48628
48626
48624
48622
48620
48618
48616
48614
48612
48610
48608
48606
48604
48602
48600
48598
48596
48594
48592
48590
48588
48586
48584
48582
48580
48578
48576
48574
48572
48570
48568
48566
48564
48562
48560
48558
48556
48554
48552
48550
48548
48546
48544
48542
48540
48538
48536
48534
48532
48530
48528
48526
48524
48522
48520
48518
48516
48514
48512
48510
48508
48506
48504
48502
48500
48498
48496
48494
48492
48490
48488
48486
48484
48482
48480
48478
48476
48474
48472
48470
48468
48466
48464
48462
48460
48458
48456
48454
48452
48450
48448
48446
48444
48442
48440
48438
48436
48434
48432
48430
48428
48426
48424
48422
48420
48418
48416
48414
48412
48410
48408
48406
48404
48402
48400
48398
48396
48394
48392
48390
48388
48386
48384
48382
48380
48378
48376
48374
48372
48370
48368
48366
48364
48362
48360
48358
48356
48354
48352
48350
48348
48346
48344
48342
48340
48338
48336
48334
48332
48330
48328
48326
48324
48322
48320
48318
48316
48314
48312
48310
48308
48306
48304
48302
48300
48298
48296
48294
48292
48290
48288
48286
48284
48282
48280
48278
48276
48274
48272
48270
48268
48266
48264
48262
48260
48258
48256
48254
48252
48250
48248
48246
48244
48242
48240
48238
48236
48234
48232
48230
48228
48226
48224
48222
48220
48218
48216
48214
48212
48210
48208
48206
48204
48202
48200
48198
48196
48194
48192
48190
48188
48186
48184
48182
48180
48178
48176
48174
48172
48170
48168
48166
48164
48162
48160
48158
48156
48154
48152
48150
48148
48146
48144
48142
48140
48138
48136
48134
48132
48130
48128
48126
48124
48122
48120
48118
48116
48114
48112
48110
48108
48106
48104
48102
48100
48098
48096
48094
48092
48090
48088
48086
48084
48082
48080
48078
48076
48074
48072
48070
48068
48066
48064
48062
48060
48058
48056
48054
48052
48050
48048
48046
48044
48042
48040
48038
48036
48034
48032
48030
48028
48026
48024
48022
48020
48018
48016
48014
48012
48010
48008
48006
48004
48002
48000
47998
47996
47994
47992
47990
47988
47986
47984
47982
47980
47978
47976
47974
47972
47970
47968
47966
47964
47962
47960
47958
47956
47954
47952
47950
47948
47946
47944
47942
47940
47938
47936
47934
47932
47930
47928
47926
47924
47922
47920
47918
47916
47914
47912
47910
47908
47906
47904
47902
47900
47898
47896
47894
47892
47890
47888
47886
47884
47882
47880
47878
47876
47874
47872
47870
47868
47866
47864
47862
47860
47858
47856
47854
47852
47850
47848
47846
47844
47842
47840
47838
47836
47834
47832
47830
47828
47826
47824
47822
47820
47818
47816
47814
47812
47810
47808
47806
47804
47802
47800
47798
47796
47794
47792
47790
47788
47786
47784
47782
47780
47778
47776
47774
47772
47770
47768
47766
47764
47762
47760
47758
47756
47754
47752
47750
47748
47746
47744
47742
47740
47738
47736
47734
47732
47730
47728
47726
47724
47722
47720
47718
47716
47714
47712
47710
47708
47706
47704
47702
47700
47698
47696
47694
47692
47690
47688
47686
47684
47682
47680
47678
47676
47674
47672
47670
47668
47666
47664
47662
47660
47658
47656
47654
47652
47650
47648
47646
47644
47642
47640
47638
47636
47634
47632
47630
47628
47626
47624
47622
47620
47618
47616
47614
47612
47610
47608
47606
47604
47602
47600
47598
47596
47594
47592
47590
47588
47586
47584
47582
47580
47578
47576
47574
47572
47570
47568
47566
47564
47562
47560
47558
47556
47554
47552
47550
47548
47546
47544
47542
47540
47538
47536
47534
47532
47530
47528
47526
47524
47522
47520
47518
47516
47514
47512
47510
47508
47506
47504
47502
47500
47498
47496
47494
47492
47490
47488
47486
47484
47482
47480
47478
47476
47474
47472
47470
47468
47466
47464
47462
47460
47458
47456
47454
47452
47450
47448
47446
47444
47442
47440
47438
47436
47434
47432
47430
47428
47426
47424
47422
47420
47418
47416
47414
47412
47410
47408
47406
47404
47402
47400
47398
47396
47394
47392
47390
47388
47386
47384
47382
47380
47378
47376
47374
47372
47370
47368
47366
47364
47362
47360
47358
47356
47354
47352
47350
47348
47346
47344
47342
47340
47338
47336
47334
47332
47330
47328
47326
47324
47322
47320
47318
47316
47314
47312
47310
47308
47306
47304
47302
47300
47298
47296
47294
47292
47290
47288
47286
47284
47282
47280
47278
47276
47274
47272
47270
47268
47266
47264
47262
47260
47258
47256
47254
47252
47250
47248
47246
47244
47242
47240
47238
47236
47234
47232
47230
47228
47226
47224
47222
47220
47218
47216
47214
47212
47210
47208
47206
47204
47202
47200
47198
47196
47194
47192
47190
47188
47186
47184
47182
47180
47178
47176
47174
47172
47170
47168
47166
47164
47162
47160
47158
47156
47154
47152
47150
47148
47146
47144
47142
47140
47138
47136
47134
47132
47130
47128
47126
47124
47122
47120
47118
47116
47114
47112
47110
47108
47106
47104
47102
47100
47098
47096
47094
47092
47090
47088
47086
47084
47082
47080
47078
47076
47074
47072
47070
47068
47066
47064
47062
47060
47058
47056
47054
47052
47050
47048
47046
47044
47042
47040
47038
47036
47034
47032
47030
47028
47026
47024
47022
47020
47018
47016
47014
47012
47010
47008
47006
47004
47002
47000
46998
46996
46994
46992
46990
46988
46986
46984
46982
46980
46978
46976
46974
46972
46970
46968
46966
46964
46962
46960
46958
46956
46954
46952
46950
46948
46946
46944
46942
46940
46938
46936
46934
46932
46930
46928
46926
46924
46922
46920
46918
46916
46914
46912
46910
46908
46906
46904
46902
46900
46898
46896
46894
46892
46890
46888
46886
46884
46882
46880
46878
46876
46874
46872
46870
46868
46866
46864
46862
46860
46858
46856
46854
46852
46850
46848
46846
46844
46842
46840
46838
46836
46834
46832
46830
46828
46826
46824
46822
46820
46818
46816
46814
46812
46810
46808
46806
46804
46802
46800
46798
46796
46794
46792
46790
46788
46786
46784
46782
46780
46778
46776
46774
46772
46770
46768
46766
46764
46762
46760
46758
46756
46754
46752
46750
46748
46746
46744
46742
46740
46738
46736
46734
46732
46730
46728
46726
46724
46722
46720
46718
46716
46714
46712
46710
46708
46706
46704
46702
46700
46698
46696
46694
46692
46690
46688
46686
46684
46682
46680
46678
46676
46674
46672
46670
46668
46666
46664
46662
46660
46658
46656
46654
46652
46650
46648
46646
46644
46642
46640
46638
46636
46634
46632
46630
46628
46626
46624
46622
46620
46618
46616
46614
46612
46610
46608
46606
46604
46602
46600
46598
46596
46594
46592
46590
46588
46586
46584
46582
46580
46578
46576
46574
46572
46570
46568
46566
46564
46562
46560
46558
46556
46554
46552
46550
46548
46546
46544
46542
46540
46538
46536
46534
46532
46530
46528
46526
46524
46522
46520
46518
46516
46514
46512
46510
46508
46506
46504
46502
46500
46498
46496
46494
46492
46490
46488
46486
46484
46482
46480
46478
46476
46474
46472
46470
46468
46466
46464
46462
46460
46458
46456
46454
46452
46450
46448
46446
46444
46442
46440
46438
46436
46434
46432
46430
46428
46426
46424
46422
46420
46418
46416
46414
46412
46410
46408
46406
46404
46402
46400
46398
46396
46394
46392
46390
46388
46386
46384
46382
46380
46378
46376
46374
46372
46370
46368
46366
46364
46362
46360
46358
46356
46354
46352
46350
46348
46346
46344
46342
46340
46338
46336
46334
46332
46330
46328
46326
46324
46322
46320
46318
46316
46314
46312
46310
46308
46306
46304
46302
46300
46298
46296
46294
46292
46290
46288
46286
46284
46282
46280
46278
46276
46274
46272
46270
46268
46266
46264
46262
46260
46258
46256
46254
46252
46250
46248
46246
46244
46242
46240
46238
46236
46234
46232
46230
46228
46226
46224
46222
46220
46218
46216
46214
46212
46210
46208
46206
46204
46202
46200
46198
46196
46194
46192
46190
46188
46186
46184
46182
46180
46178
46176
46174
46172
46170
46168
46166
46164
46162
46160
46158
46156
46154
46152
46150
46148
46146
46144
46142
46140
46138
46136
46134
46132
46130
46128
46126
46124
46122
46120
46118
46116
46114
46112
46110
46108
46106
46104
46102
46100
46098
46096
46094
46092
46090
46088
46086
46084
46082
46080
46078
46076
46074
46072
46070
46068
46066
46064
46062
46060
46058
46056
46054
46052
46050
46048
46046
46044
46042
46040
46038
46036
46034
46032
46030
46028
46026
46024
46022
46020
46018
46016
46014
46012
46010
46008
46006
46004
46002
46000
45998
45996
45994
45992
45990
45988
45986
45984
45982
45980
45978
45976
45974
45972
45970
45968
45966
45964
45962
45960
45958
45956
45954
45952
45950
45948
45946
45944
45942
45940
45938
45936
45934
45932
45930
45928
45926
45924
45922
45920
45918
45916
45914
45912
45910
45908
45906
45904
45902
45900
45898
45896
45894
45892
45890
45888
45886
45884
45882
45880
45878
45876
45874
45872
45870
45868
45866
45864
45862
45860
45858
45856
45854
45852
45850
45848
45846
45844
45842
45840
45838
45836
45834
45832
45830
45828
45826
45824
45822
45820
45818
45816
45814
45812
45810
45808
45806
45804
45802
45800
45798
45796
45794
45792
45790
45788
45786
45784
45782
45780
45778
45776
45774
45772
45770
45768
45766
45764
45762
45760
45758
45756
45754
45752
45750
45748
45746
45744
45742
45740
45738
45736
45734
45732
45730
45728
45726
45724
45722
45720
45718
45716
45714
45712
45710
45708
45706
45704
45702
45700
45698
45696
45694
45692
45690
45688
45686
45684
45682
45680
45678
45676
45674
45672
45670
45668
45666
45664
45662
45660
45658
45656
45654
45652
45650
45648
45646
45644
45642
45640
45638
45636
45634
45632
45630
45628
45626
45624
45622
45620
45618
45616
45614
45612
45610
45608
45606
45604
45602
45600
45598
45596
45594
45592
45590
45588
45586
45584
45582
45580
45578
45576
45574
45572
45570
45568
45566
45564
45562
45560
45558
45556
45554
45552
45550
45548
45546
45544
45542
45540
45538
45536
45534
45532
45530
45528
45526
45524
45522
45520
45518
45516
45514
45512
45510
45508
45506
45504
45502
45500
45498
45496
45494
45492
45490
45488
45486
45484
45482
45480
45478
45476
45474
45472
45470
45468
45466
45464
45462
45460
45458
45456
45454
45452
45450
45448
45446
45444
45442
45440
45438
45436
45434
45432
45430
45428
45426
45424
45422
45420
45418
45416
45414
45412
45410
45408
45406
45404
45402
45400
45398
45396
45394
45392
45390
45388
45386
45384
45382
45380
45378
45376
45374
45372
45370
45368
45366
45364
45362
45360
45358
45356
45354
45352
45350
45348
45346
45344
45342
45340
45338
45336
45334
45332
45330
45328
45326
45324
45322
45320
45318
45316
45314
45312
45310
45308
45306
45304
45302
45300
45298
45296
45294
45292
45290
45288
45286
45284
45282
45280
45278
45276
45274
45272
45270
45268
45266
45264
45262
45260
45258
45256
45254
45252
45250
45248
45246
45244
45242
45240
45238
45236
45234
45232
45230
45228
45226
45224
45222
45220
45218
45216
45214
45212
45210
45208
45206
45204
45202
45200
45198
45196
45194
45192
45190
45188
45186
45184
45182
45180
45178
45176
45174
45172
45170
45168
45166
45164
45162
45160
45158
45156
45154
45152
45150
45148
45146
45144
45142
45140
45138
45136
45134
45132
45130
45128
45126
45124
45122
45120
45118
45116
45114
45112
45110
45108
45106
45104
45102
45100
45098
45096
45094
45092
45090
45088
45086
45084
45082
45080
45078
45076
45074
45072
45070
45068
45066
45064
45062
45060
45058
45056
45054
45052
45050
45048
45046
45044
45042
45040
45038
45036
45034
45032
45030
45028
45026
45024
45022
45020
45018
45016
45014
45012
45010
45008
45006
45004
45002
45000
44998
44996
44994
44992
44990
44988
44986
44984
44982
44980
44978
44976
44974
44972
44970
44968
44966
44964
44962
44960
44958
44956
44954
44952
44950
44948
44946
44944
44942
44940
44938
44936
44934
44932
44930
44928
44926
44924
44922
44920
44918
44916
44914
44912
44910
44908
44906
44904
44902
44900
44898
44896
44894
44892
44890
44888
44886
44884
44882
44880
44878
44876
44874
44872
44870
44868
44866
44864
44862
44860
44858
44856
44854
44852
44850
44848
44846
44844
44842
44840
44838
44836
44834
44832
44830
44828
44826
44824
44822
44820
44818
44816
44814
44812
44810
44808
44806
44804
44802
44800
44798
44796
44794
44792
44790
44788
44786
44784
44782
44780
44778
44776
44774
44772
44770
44768
44766
44764
44762
44760
44758
44756
44754
44752
44750
44748
44746
44744
44742
44740
44738
44736
44734
44732
44730
44728
44726
44724
44722
44720
44718
44716
44714
44712
44710
44708
44706
44704
44702
44700
44698
44696
44694
44692
44690
44688
44686
44684
44682
44680
44678
44676
44674
44672
44670
44668
44666
44664
44662
44660
44658
44656
44654
44652
44650
44648
44646
44644
44642
44640
44638
44636
44634
44632
44630
44628
44626
44624
44622
44620
44618
44616
44614
44612
44610
44608
44606
44604
44602
44600
44598
44596
44594
44592
44590
44588
44586
44584
44582
44580
44578
44576
44574
44572
44570
44568
44566
44564
44562
44560
44558
44556
44554
44552
44550
44548
44546
44544
44542
44540
44538
44536
44534
44532
44530
44528
44526
44524
44522
44520
44518
44516
44514
44512
44510
44508
44506
44504
44502
44500
44498
44496
44494
44492
44490
44488
44486
44484
44482
44480
44478
44476
44474
44472
44470
44468
44466
44464
44462
44460
44458
44456
44454
44452
44450
44448
44446
44444
44442
44440
44438
44436
44434
44432
44430
44428
44426
44424
44422
44420
44418
44416
44414
44412
44410
44408
44406
44404
44402
44400
44398
44396
44394
44392
44390
44388
44386
44384
44382
44380
44378
44376
44374
44372
44370
44368
44366
44364
44362
44360
44358
44356
44354
44352
44350
44348
44346
44344
44342
44340
44338
44336
44334
44332
44330
44328
44326
44324
44322
44320
44318
44316
44314
44312
44310
44308
44306
44304
44302
44300
44298
44296
44294
44292
44290
44288
44286
44284
44282
44280
44278
44276
44274
44272
44270
44268
44266
44264
44262
44260
44258
44256
44254
44252
44250
44248
44246
44244
44242
44240
44238
44236
44234
44232
44230
44228
44226
44224
44222
44220
44218
44216
44214
44212
44210
44208
44206
44204
44202
44200
44198
44196
44194
44192
44190
44188
44186
44184
44182
44180
44178
44176
44174
44172
44170
44168
44166
44164
44162
44160
44158
44156
44154
44152
44150
44148
44146
44144
44142
44140
44138
44136
44134
44132
44130
44128
44126
44124
44122
44120
44118
44116
44114
44112
44110
44108
44106
44104
44102
44100
44098
44096
44094
44092
44090
44088
44086
44084
44082
44080
44078
44076
44074
44072
44070
44068
44066
44064
44062
44060
44058
44056
44054
44052
44050
44048
44046
44044
44042
44040
44038
44036
44034
44032
44030
44028
44026
44024
44022
44020
44018
44016
44014
44012
44010
44008
44006
44004
44002
44000
43998
43996
43994
43992
43990
43988
43986
43984
43982
43980
43978
43976
43974
43972
43970
43968
43966
43964
43962
43960
43958
43956
43954
43952
43950
43948
43946
43944
43942
43940
43938
43936
43934
43932
43930
43928
43926
43924
43922
43920
43918
43916
43914
43912
43910
43908
43906
43904
43902
43900
43898
43896
43894
43892
43890
43888
43886
43884
43882
43880
43878
43876
43874
43872
43870
43868
43866
43864
43862
43860
43858
43856
43854
43852
43850
43848
43846
43844
43842
43840
43838
43836
43834
43832
43830
43828
43826
43824
43822
43820
43818
43816
43814
43812
43810
43808
43806
43804
43802
43800
43798
43796
43794
43792
43790
43788
43786
43784
43782
43780
43778
43776
43774
43772
43770
43768
43766
43764
43762
43760
43758
43756
43754
43752
43750
43748
43746
43744
43742
43740
43738
43736
43734
43732
43730
43728
43726
43724
43722
43720
43718
43716
43714
43712
43710
43708
43706
43704
43702
43700
43698
43696
43694
43692
43690
43688
43686
43684
43682
43680
43678
43676
43674
43672
43670
43668
43666
43664
43662
43660
43658
43656
43654
43652
43650
43648
43646
43644
43642
43640
43638
43636
43634
43632
43630
43628
43626
43624
43622
43620
43618
43616
43614
43612
43610
43608
43606
43604
43602
43600
43598
43596
43594
43592
43590
43588
43586
43584
43582
43580
43578
43576
43574
43572
43570
43568
43566
43564
43562
43560
43558
43556
43554
43552
43550
43548
43546
43544
43542
43540
43538
43536
43534
43532
43530
43528
43526
43524
43522
43520
43518
43516
43514
43512
43510
43508
43506
43504
43502
43500
43498
43496
43494
43492
43490
43488
43486
43484
43482
43480
43478
43476
43474
43472
43470
43468
43466
43464
43462
43460
43458
43456
43454
43452
43450
43448
43446
43444
43442
43440
43438
43436
43434
43432
43430
43428
43426
43424
43422
43420
43418
43416
43414
43412
43410
43408
43406
43404
43402
43400
43398
43396
43394
43392
43390
43388
43386
43384
43382
43380
43378
43376
43374
43372
43370
43368
43366
43364
43362
43360
43358
43356
43354
43352
43350
43348
43346
43344
43342
43340
43338
43336
43334
43332
43330
43328
43326
43324
43322
43320
43318
43316
43314
43312
43310
43308
43306
43304
43302
43300
43298
43296
43294
43292
43290
43288
43286
43284
43282
43280
43278
43276
43274
43272
43270
43268
43266
43264
43262
43260
43258
43256
43254
43252
43250
43248
43246
43244
43242
43240
43238
43236
43234
43232
43230
43228
43226
43224
43222
43220
43218
43216
43214
43212
43210
43208
43206
43204
43202
43200
43198
43196
43194
43192
43190
43188
43186
43184
43182
43180
43178
43176
43174
43172
43170
43168
43166
43164
43162
43160
43158
43156
43154
43152
43150
43148
43146
43144
43142
43140
43138
43136
43134
43132
43130
43128
43126
43124
43122
43120
43118
43116
43114
43112
43110
43108
43106
43104
43102
43100
43098
43096
43094
43092
43090
43088
43086
43084
43082
43080
43078
43076
43074
43072
43070
43068
43066
43064
43062
43060
43058
43056
43054
43052
43050
43048
43046
43044
43042
43040
43038
43036
43034
43032
43030
43028
43026
43024
43022
43020
43018
43016
43014
43012
43010
43008
43006
43004
43002
43000
42998
42996
42994
42992
42990
42988
42986
42984
42982
42980
42978
42976
42974
42972
42970
42968
42966
42964
42962
42960
42958
42956
42954
42952
42950
42948
42946
42944
42942
42940
42938
42936
42934
42932
42930
42928
42926
42924
42922
42920
42918
42916
42914
42912
42910
42908
42906
42904
42902
42900
42898
42896
42894
42892
42890
42888
42886
42884
42882
42880
42878
42876
42874
42872
42870
42868
42866
42864
42862
42860
42858
42856
42854
42852
42850
42848
42846
42844
42842
42840
42838
42836
42834
42832
42830
42828
42826
42824
42822
42820
42818
42816
42814
42812
42810
42808
42806
42804
42802
42800
42798
42796
42794
42792
42790
42788
42786
42784
42782
42780
42778
42776
42774
42772
42770
42768
42766
42764
42762
42760
42758
42756
42754
42752
42750
42748
42746
42744
42742
42740
42738
42736
42734
42732
42730
42728
42726
42724
42722
42720
42718
42716
42714
42712
42710
42708
42706
42704
42702
42700
42698
42696
42694
42692
42690
42688
42686
42684
42682
42680
42678
42676
42674
42672
42670
42668
42666
42664
42662
42660
42658
42656
42654
42652
42650
42648
42646
42644
42642
42640
42638
42636
42634
42632
42630
42628
42626
42624
42622
42620
42618
42616
42614
42612
42610
42608
42606
42604
42602
42600
42598
42596
42594
42592
42590
42588
42586
42584
42582
42580
42578
42576
42574
42572
42570
42568
42566
42564
42562
42560
42558
42556
42554
42552
42550
42548
42546
42544
42542
42540
42538
42536
42534
42532
42530
42528
42526
42524
42522
42520
42518
42516
42514
42512
42510
42508
42506
42504
42502
42500
42498
42496
42494
42492
42490
42488
42486
42484
42482
42480
42478
42476
42474
42472
42470
42468
42466
42464
42462
42460
42458
42456
42454
42452
42450
42448
42446
42444
42442
42440
42438
42436
42434
42432
42430
42428
42426
42424
42422
42420
42418
42416
42414
42412
42410
42408
42406
42404
42402
42400
42398
42396
42394
42392
42390
42388
42386
42384
42382
42380
42378
42376
42374
42372
42370
42368
42366
42364
42362
42360
42358
42356
42354
42352
42350
42348
42346
42344
42342
42340
42338
42336
42334
42332
42330
42328
42326
42324
42322
42320
42318
42316
42314
42312
42310
42308
42306
42304
42302
42300
42298
42296
42294
42292
42290
42288
42286
42284
42282
42280
42278
42276
42274
42272
42270
42268
42266
42264
42262
42260
42258
42256
42254
42252
42250
42248
42246
42244
42242
42240
42238
42236
42234
42232
42230
42228
42226
42224
42222
42220
42218
42216
42214
42212
42210
42208
42206
42204
42202
42200
42198
42196
42194
42192
42190
42188
42186
42184
42182
42180
42178
42176
42174
42172
42170
42168
42166
42164
42162
42160
42158
42156
42154
42152
42150
42148
42146
42144
42142
42140
42138
42136
42134
42132
42130
42128
42126
42124
42122
42120
42118
42116
42114
42112
42110
42108
42106
42104
42102
42100
42098
42096
42094
42092
42090
42088
42086
42084
42082
42080
42078
42076
42074
42072
42070
42068
42066
42064
42062
42060
42058
42056
42054
42052
42050
42048
42046
42044
42042
42040
42038
42036
42034
42032
42030
42028
42026
42024
42022
42020
42018
42016
42014
42012
42010
42008
42006
42004
42002
42000
3968
3969
3970
3971
3972
3973
3974
3975
3976
3977
3978
3979
3980
42344
42342
42340
42338
42336
42334
42332
42330
42328
42326
42324
42322
42320
42318
42316
42314
42312
42310
42308
42306
42304
42302
42300
42298
42296
42294
42292
42290
42350
42348
42346
42344
42342
42340
42338
42336
42334
42332
42330
42328
42326
42324
42322
42320
42318
42316
42314
42312
42310
42308
42306
2298	45404
2299	45402
2300	45400
2301	45398
2302	45396
2303	45394
2304	45392
2305	45390
2306	45388
2307	45386
2308	45384
2309	45382
2310	45380
2311	45378
2312	45376
2313	45374
2314	45372
2315	45370
2316	45368
2317	45366
2318	45364
2319	45362
2320	45360
2321	45358
2322	45356
2323	45354
2324	45352
2325	45350
2326	45348
2327	45346
2328	45344
2329	45342
2330	45340
2331	45338
2332	45336
2333	45334
2334	45332
2335	45330
2336	45328
2337	45326
2338	45324
2339	45322
2340	45320
2341	45318
2342	45316
2343	45314
2344	45312
2345	45310
2346	45308
2347	45306
2348	45304
2349	45302
2350	45300
2351	45298
2352	45296
2353	45294
2354	45292
2355	45290
2356	45288
2357	45286
2358	45284
2359	45282
2360	45280
2361	45278
2362	45276
2363	45274
2364	45272
2365	45270
2366	45268
2367	45266
2368	45264
2369	45262
2370	45260
2371	45258
2372	45256
2373	45254
2374	45252
2375	45250
2376	45248
2377	45246
2378	45244
2379	45242
2380	45240
2381	45238
2382	45236
2383	45234
2384	45232
2385	45230
2386	45228
2387	45226
2388	45224
2389	45222
2390	45220
2391	45218
2392	45216
2393	45214
2394	45212
2395	45210
2396	45208
2397	45206
2398	45204
2399	45202
2400	45200
2401	45198
2402	45196
2403	45194
2404	45192
2405	45190
2406	45188
2407	45186
2408	45184
2409	45182
2410	45180
2411	45178
2412	45176
2413	45174
2414	45172
2415	45170
2416	45168
2417	45166
2418	45164
2419	45162
2420	45160
2421	45158
2422	45156
2423	45154
2424	45152
2425	45150
2426	45148
2427	45146
2428	45144
2429	45142
2430	45140
2431	45138
2432	45136
2433	45134
2434	45132
2435	45130
2436	45128
2437	45126
2438	45124
2439	45122
2440	45120
2441	45118
2442	45116
2443	45114
2444	45112
2445	45110
2446	45108
2447	45106
2448	45104
2449	45102
2450	45100
2451	45098
2452	45096
2453	45094
2454	45092
2455	45090
2456	45088
2457	45086
2458	45084
2459	45082
2460	45080
2461	45078
2462	45076
2463	45074
2464	45072
2465	45070
2466	45068
2467	45066
2468	45064
2469	45062
2470	45060
2471	45058
2472	45056
2473	45054
2474	45052
2475	45050
2476	45048
2477	45046
2478	45044
2479	45042
2480	45040
2481	45038
2482	45036
2483	45034
2484	45032
2485	45030
2486	45028
2487	45026
2488	45024
2489	45022
2490	45020
2491	45018
2492	45016
2493	45014
2494	45012
2495	45010
2496	45008
2497	45006
2498	45004
2499	45002
2500	45000
2501	44998
2502	44996
2503	44994
2504	44992
2505	44990
2506	44988
2507	44986
2508	44984
2509	44982
2510	44980
2511	44978
2512	44976
2513	44974
2514	44972
2515	44970
2516	44968
2517	44966
2518	44964
2519	44962
2520	44960
2521	44958
2522	44956
2523	44954
2524	44952
2525	44950
2526	44948
2527	44946
2528	44944
2529	44942
2530	44940
2531	44938
2532	44936
2533	44934
2534	44932
2535	44930
2536	44928
2537	44926
2538	44924
2539	44922
2540	44920
2541	44918
2542	44916
2543	44914
2544	44912
2545	44910
2546	44908
2547	44906
2548	44904
2549	44902
2550	44900
2551	44898
2552	44896
2553	44894
2554	44892
2555	44890
2556	44888
2557	44886
2558	44884
2559	44882
2560	44880
2561	44878
2562	44876
2563	44874
2564	44872
2565	44870
2566	44868
2567	44866
2568	44864
2569	44862
2570	44860
2571	44858
2572	44856
2573	44854
2574	44852
2575	44850
2576	44848
2577	44846
2578	44844
2579	44842
2580	44840
2581	44838
2582	44836
2583	44834
2584	44832
2585	44830
2586	44828
2587	44826
2588	44824
2589	44822
2590	44820
2591	44818
2592	44816
2593	44814
2594	44812
2595	44810
2596	44808
2597	44806
2598	44804
2599	44802
2600	44800
2601	44798
2602	44796
2603	44794
2604	44792
2605	44790
2606	44788
2607	44786
2608	44784
2609	44782
2610	44780
2611	44778
2612	44776
2613	44774
2614	44772
2615	44770
2616	44768
2617	44766
2618	44764
2619	44762
2620	44760
2621	44758
2622	44756
2623	44754
2624	44752
2625	44750
2626	44748
2627	44746
2628	44744
2629	44742
2630	44740
2631	44738
2632	44736
2633	44734
2634	44732
2635	44730
2636	44728
2637	44726
2638	44724
2639	44722
2640	44720
2641	44718
2642	44716
2643	44714
2644	44712
2645	44710
2646	44708
2647	44706
2648	44704
2649	44702
2650	44700
2651	44698
2652	44696
2653	44694
2654	44692
2655	44690
2656	44688
2657	44686
2658	44684
2659	44682
2660	44680
2661	44678
2662	44676
2663	44674
2664	44672
2665	44670
2666	44668
2667	44666
2668	44664
2669	44662
2670	44660
2671	44658
2672	44656
2673	44654
2674	44652
2675	44650
2676	44648
2677	44646
2678	44644
2679	44642
2680	44640
2681	44638
2682	44636
2683	44634
2684	44632
2685	44630
2686	44628
2687	44626
2688	44624
2689	44622
2690	44620
2691	44618
2692	44616
2693	44614
2694	44612
2695	44610
2696	44608
2697	44606
2698	44604
2699	44602
2700	44600
2701	44598
2702	44596
2703	44594
2704	44592
2705	44590
2706	44588
2707	44586
2708	44584
2709	44582
2710	44580
2711	44578
2712	44576
2713	44574
2714	44572
2715	44570
2716	44568
2717	44566
2718	44564
2719	44562
2720	44560
2721	44558
2722	44556
2723	44554
2724	44552
2725	44550
2726	44548
2727	44546
2728	44544
2729	44542
2730	44540
2731	44538
2732	44536
2733	44534
2734	44532
2735	44530
2736	44528
2737	44526
2738	44524
2739	44522
2740	44520
2741	44518
2742	44516
2743	44514
2744	44512
2745	44510
2746	44508
2747	44506
2748	44504
2749	44502
2750	44500
2751	44498
2752	44496
2753	44494
2754	44492
2755	44490
2756	44488
2757	44486
2758	44484
2759	44482
2760	44480
2761	44478
2762	44476
2763	44474
2764	44472
2765	44470
2766	44468
2767	44466
2768	44464
2769	44462
2770	44460
2771	44458
2772	44456
2773	44454
2774	44452
2775	44450
2776	44448
2777	44446
2778	44444
2779	44442
2780	44440
2781	44438
2782	44436
2783	44434
2784	44432
2785	44430
2786	44428
2787	44426
2788	44424
2789	44422
2790	44420
2791	44418
2792	44416
2793	44414
2794	44412
2795	44410
2796	44408
2797	44406
2798	44404
2799	44402
2800	44400
2801	44398
2802	44396
2803	44394
2804	44392
2805	44390
2806	44388
2807	44386
2808	44384
2809	44382
2810	44380
2811	44378
2812	44376
2813	44374
2814	44372
2815	44370
2816	44368
2817	44366
2818	44364
2819	44362
2820	44360
2821	44358
2822	44356
2823	44354
2824	44352
2825	44350
2826	44348
2827	44346
2828	44344
2829	44342
2830	44340
2831	44338
2832	44336
2833	44334
2834	44332
2835	44330
2836	44328
2837	44326
2838	44324
2839	44322
2840	44320
2841	44318
2842	44316
2843	44314
2844	44312
2845	44310
2846	44308
2847	44306
2848	44304
2849	44302
2850	44300
2851	44298
2852	44296
2853	44294
2854	44292
2855	44290
2856	44288
2857	44286
2858	44284
2859	44282
2860	44280
2861	44278
2862	44276
2863	44274
2864	44272
2865	44270
2866	44268
2867	44266
2868	44264
2869	44262
2870	44260
2871	44258
2872	44256
2873	44254
2874	44252
2875	44250
2876	44248
2877	44246
2878	44244
2879	44242
2880	44240
2881	44238
2882	44236
2883	44234
2884	44232
2885	44230
2886	44228
2887	44226
2888	44224
2889	44222
2890	44220
2891	44218
2892	44216
2893	44214
2894	44212
2895	44210
2896	44208
2897	44206
2898	44204
2899	44202
2900	44200
2901	44198
2902	44196
2903	44194
2904	44192
2905	44190
2906	44188
2907	44186
2908	44184
2909	44182
2910	44180
2911	44178
2912	44176
2913	44174
2914	44172
2915	44170
2916	44168
2917	44166
2918	44164
2919	44162
2920	44160
2921	44158
2922	44156
2923	44154
2924	44152
2925	44150
2926	44148
2927	44146
2928	44144
2929	44142
2930	44140
2931	44138
2932	44136
2933	44134
2934	44132
2935	44130
2936	44128
2937	44126
2938	44124
2939	44122
2940	44120
2941	44118
2942	44116
2943	44114
2944	44112
2945	44110
2946	44108
2947	44106
2948	44104
2949	44102
2950	44100
2951	44098
2952	44096
2953	44094
2954	44092
2955	44090
2956	44088
2957	44086
2958	44084
2959	44082
2960	44080
2961	44078
2962	44076
2963	44074
2964	44072
2965	44070
2966	44068
2967	44066
2968	44064
2969	44062
2970	44060
2971	44058
2972	44056
2973	44054
2974	44052
2975	44050
2976	44048
2977	44046
2978	44044
2979	44042
2980	44040
2981	44038
2982	44036
2983	44034
2984	44032
2985	44030
2986	44028
2987	44026
2988	44024
2989	44022
2990	44020
2991	44018
2992	44016
2993	44014
2994	44012
2995	44010
2996	44008
2997	44006
2998	44004
2999	44002
3000	44000
3001	43998
3002	43996
3003	43994
3004	43992
3005	43990
3006	43988
3007	43986
3008	43984
3009	43982
3010	43980
3011	43978
3012	43976
3013	43974
3014	43972
3015	43970
3016	43968
3017	43966
3018	43964
3019	43962
3020	43960
3021	43958
3022	43956
3023	43954
3024	43952
3025	43950
3026	43948
3027	43946
3028	43944
3029	43942
3030	43940
3031	43938
3032	43936
3033	43934
3034	43932
3035	43930
3036	43928
3037	43926
3038	43924
3039	43922
3040	43920
3041	43918
3042	43916
3043	43914
3044	43912
3045	43910
3046	43908
3047	43906
3048	43904
3049	43902
3050	43900
3051	43898
3052	43896
3053	43894
3054	43892
3055	43890
3056	43888
3057	43886
3058	43884
3059	43882
3060	43880
3061	43878
3062	43876
3063	43874
3064	43872
3065	43870
3066	43868
3067	43866
3068	43864
3069	43862
3070	43860
3071	43858
3072	43856
3073	43854
3074	43852
3075	43850
3076	43848
3077	43846
3078	43844
3079	43842
3080	43840
3081	43838
3082	43836
3083	43834
3084	43832
3085	43830
3086	43828
3087	43826
3088	43824
3089	43822
3090	43820
3091	43818
3092	43816
3093	43814
3094	43812
3095	43810
3096	43808
3097	43806
3098	43804
3099	43802
3100	43800
3101	43798
3102	43796
3103	43794
3104	43792
3105	43790
3106	43788
3107	43786
3108	43784
3109	43782
3110	43780
3111	43778
3112	43776
3113	43774
3114	43772
3115	43770
3116	43768
3117	43766
3118	43764
3119	43762
3120	43760
3121	43758
3122	43756
3123	43754
3124	43752
3125	43750
3126	43748
3127	43746
3128	43744
3129	43742
3130	43740
3131	43738
3132	43736
3133	43734
3134	43732
3135	43730
3136	43728
3137	43726
3138	43724
3139	43722
3140	43720
3141	43718
3142	43716
3143	43714
3144	43712
3145	43710
3146	43708
3147	43706
3148	43704
3149	43702
3150	43700
3151	43698
3152	43696
3153	43694
3154	43692
3155	43690
3156	43688
3157	43686
3158	43684
3159	43682
3160	43680
3161	43678
3162	43676
3163	43674
3164	43672
3165	43670
3166	43668
3167	43666
3168	43664
3169	43662
3170	43660
3171	43658
3172	43656
3173	43654
3174	43652
3175	43650
3176	43648
3177	43646
3178	43644
3179	43642
3180	43640
3181	43638
3182	43636
3183	43634
3184	43632
3185	43630
3186	43628
3187	43626
3188	43624
3189	43622
3190	43620
3191	43618
3192	43616
3193	43614
3194	43612
3195	43610
3196	43608
3197	43606
3198	43604
3199	43602
3200	43600
3201	43598
3202	43596
3203	43594
3204	43592
3205	43590
3206	43588
3207	43586
3208	43584
3209	43582
3210	43580
3211	43578
3212	43576
3213	43574
3214	43572
3215	43570
3216	43568
3217	43566
3218	43564
3219	43562
3220	43560
3221	43558
3222	43556
3223	43554
3224	43552
3225	43550
3226	43548
3227	43546
3228	43544
3229	43542
3230	43540
3231	43538
3232	43536
3233	43534
3238	43524
3239	43522
3240	43520
3241	43518
3242	43516
3243	43514
3244	43512
3245	43510