15
52
41
5
2
54
41
15
12
5
63
2
5
1
8
69
1
5
6
12
85
4
5265
41
2
58
4
12
55
516
537
557
578
599
620
640
661
682
702
723
744
765
785
806
827
848
868
889
910
931
951
972
993
1013
1034
1055
1076
1096
1117
1138
1159
1179
1200
1221
1242
1262
1283
1304
1324
1345
1366
1387
1407
1428
1449
1470
1490
1511
1532
1553
1573
1594
1615
1636
1656
1677
1698
1718
1739
1760
1781
1801
1822
1843
1864
1884
1905
1926
1947
1967
1988
2009
2029
2050
2071
2092
2112
2133
2154
2175
2195
2216
2237
2258
2278
2299
2320
2340
2361
2382
2403
2423
2444
2465
2486
2506
2527
2548
2569
2589
2610
2631
2651
2672
2693
2714
2734
2755
2776
2797
2817
2838
2859
2880
2900
2921
2942
2963
2983
3004
3025
3045
3066
3087
3108
3128
3149
3170
3191
3211
3232
3253
3274
3294
3315
3336
3356
3377
3398
3419
3439
3460
3481
3502
3522
3543
3564
3585
3605
3626
3647
3667
3688
3709
3730
3750
3771
3792
3813
3833
3854
3875
3896
3916
3937
3958
3979
3999
4020
4041
4061
4082
4103
4124
4144
4165
4186
4207
4227
4248
4269
4290
4310
4331
4352
4372
4393
4414
4435
4455
4476
4497
4518
4538
4559
4580
4601
4621
4642
4663
4683
4704
4725
4746
4766
4787
4808
4829
4849
4870
4891
4912
4932
4953
4974
4994
5015
5036
5057
5077
5098
5119
5140
5160
5181
5202
5223
5243
5264
5285
5306
5326
5347
5368
5388
5409
5430
5451
5471
5492
5513
5534
5554
5575
5596
5617
5637
5658
5679
5699
5720
5741
5762
5782
5803
5824
5845
5865
5886
5907
5928
5948
5969
5990
6010
6031
6052
6073
6093
6114
6135
6156
6176
6197
6218
6239
6259
6280
6301
6322
6342
6363
6384
6404
6425
6446
6467
6487
6508
6529
6550
6570
6591
6612
6633
6653
6674
6695
6715
6736
6757
6778
6798
6819
6840
6861
6881
6902
6923
6944
6964
6985
7006
7026
7047
7068
7089
7109
7130
7151
7172
7192
7213
7234
7255
7275
7296
7317
7337
7358
7379
7400
7420
7441
7462
7483
7503
7524
7545
7566
7586
7607
7628
7649
7669
7690
7711
7731
7752
7773
7794
7814
7835
7856
7877
7897
7918
7939
7960
7980
8001
8022
8042
8063
8084
8105
8125
8146
8167
8188
8208
8229
8250
8271
8291
8312
8333
8353
8374
8395
8416
8436
8457
8478
8499
8519
8540
8561
8582
8602
8623
8644
8664
8685
8706
8727
8747
8768
8789
8810
8830
8851
8872
8893
8913
8934
8955
8976
8996
9017
9038
9058
9079
9100
9121
9141
9162
9183
9204
9224
9245
9266
9287
9307
9328
9349
9369
9390
9411
9432
9452
9473
9494
9515
9535
9556
9577
9598
9618
9639
9660
9680
9701
9722
9743
9763
9784
9805
9826
9846
9867
9888
9909
9929
9950
9971
9992
10012
10033
10054
10074
10095
10116
10137
10157
10178
10199
10220
10240
10261
10282
10303
10323
10344
10365
10385
10406
10427
10448
10468
10489
10510
10531
10551
10572
10593
10614
10634
10655
10676
10696
10717
10738
10759
10779
10800
10821
10842
10862
10883
10904
10925
10945
10966
10987
11007
11028
11049
11070
11090
11111
11132
11153
11173
11194
11215
11236
11256
11277
11298
11319
11339
11360
11381
11401
11422
11443
11464
11484
11505
11526
11547
11567
11588
11609
11630
11650
11671
11692
11712
11733
11754
11775
11795
11816
11837
11858
11878
11899
11920
11941
11961
11982
12003
12023
12044
12065
12086
12106
12127
12148
12169
12189
12210
12231
12252
12272
12293
12314
12335
12355
12376
12397
12417
12438
12459
12480
12500
12521
12542
12563
12583
12604
12625
12646
12666
12687
12708
12728
12749
12770
12791
12811
12832
12853
12874
12894
12915
12936
12957
12977
12998
13019
13039
13060
13081
13102
13122
13143
13164
13185
13205
13226
13247
13268
13288
13309
13330
13350
13371
13392
13413
13433
13454
13475
13496
13516
13537
13558
13579
13599
13620
13641
13662
13682
13703
13724
13744
13765
13786
13807
13827
13848
13869
13890
13910
13931
13952
13973
13993
14014
14035
14055
14076
14097
14118
14138
14159
14180
14201
14221
14242
14263
14284
14304
14325
14346
14366
14387
14408
14429
14449
14470
14491
14512
14532
14553
14574
14595
14615
14636
14657
14677
14698
14719
14740
14760
14781
14802
14823
14843
14864
14885
14906
14926
14947
14968
14989
15009
15030
15051
15071
15092
15113
15134
15154
15175
15196
15217
15237
15258
15279
15300
15320
15341
15362
15382
15403
15424
15445
15465
15486
15507
15528
15548
15569
15590
15611
15631
15652
15673
15693
15714
15735
15756
15776
15797
15818
15839
15859
15880
15901
15922
15942
15963
15984
16005
16025
16046
16067
16087
16108
16129
16150
16170
16191
16212
16233
16253
16274
16295
16316
16336
16357
16378
16398
16419
16440
16461
16481
16502
16523
16544
16564
16585
16606
16627
16647
16668
16689
16709
16730
16751
16772
16792
16813
16834
16855
16875
16896
16917
16938
16958
16979
17000
17020
17041
17062
17083
17103
17124
17145
17166
17186
17207
17228
17249
17269
17290
17311
17332
17352
17373
17394
17414
17435
17456
17477
17497
17518
17539
17560
17580
17601
17622
17643
17663
17684
17705
17725
17746
17767
17788
17808
17829
17850
17871
17891
17912
17933
17954
17974
17995
18016
18036
18057
18078
18099
18119
18140
18161
18182
18202
18223
18244
18265
18285
18306
18327
18348
18368
18389
18410
18430
18451
18472
18493
18513
18534
18555
18576
18596
18617
18638
18659
18679
18700
18721
18741
18762
18783
18804
18824
18845
18866
18887
18907
18928
18949
18970
18990
19011
19032
19052
19073
19094
19115
19135
19156
19177
19198
19218
19239
19260
19281
19301
19322
19343
19363
19384
19405
19426
19446
19467
19488
19509
19529
19550
19571
19592
19612
19633
19654
19675
19695
19716
19737
19757
19778
19799
19820
19840
19861
19882
19903
19923
19944
19965
19986
20006
20027
20048
20068
20089
20110
20131
20151
20172
20193
20214
20234
20255
20276
20297
20317
20338
20359
20379
20400
20421
20442
20462
20483
20504
20525
20545
20566
20587
20608
20628
20649
20670
20690
20711
20732
20753
20773
20794
20815
20836
20856
20877
20898
20919
20939
20960
20981
21002
21022
21043
21064
21084
21105
21126
21147
21167
21188
21209
21230
21250
21271
21292
21313
21333
21354
21375
21395
21416
21437
21458
21478
21499
21520
21541
21561
21582
21603
21624
21644
21665
21686
21706
21727
21748
21769
21789
21810
21831
21852
21872
21893
21914
21935
21955
21976
21997
22018
22038
22059
22080
22100
22121
22142
22163
22183
22204
22225
22246
22266
22287
22308
22329
22349
22370
22391
22411
22432
22453
22474
22494
22515
22536
22557
22577
22598
22619
22640
22660
22681
22702
22722
22743
22764
22785
22805
22826
22847
22868
22888
22909
22930
22951
22971
22992
23013
23033
23054
23075
23096
23116
23137
23158
23179
23199
23220
23241
23262
23282
23303
23324
23345
23365
23386
23407
23427
23448
23469
23490
23510
23531
23552
23573
23593
23614
23635
23656
23676
23697
23718
23738
23759
23780
23801
23821
23842
23863
23884
23904
23925
23946
23967
23987
24008
24029
24049
24070
24091
24112
24132
24153
24174
24195
24215
24236
24257
24278
24298
24319
24340
24361
24381
24402
24423
24443
24464
24485
24506
24526
24547
24568
24589
24609
24630
24651
24672
24692
24713
24734
24754
24775
24796
24817
24837
24858
24879
24900
24920
24941
24962
24983
25003
25024
25045
25065
25086
25107
25128
25148
25169
25190
25211
25231
25252
25273
25294
25314
25335
25356
25376
25397
25418
25439
25459
25480
25501
25522
25542
25563
25584
25605
25625
25646
25667
25688
25708
25729
25750
25770
25791
25812
25833
25853
25874
25895
25916
25936
25957
25978
25999
26019
26040
26061
26081
26102
26123
26144
26164
26185
26206
26227
26247
26268
26289
26310
26330
26351
26372
26392
26413
26434
26455
26475
26496
26517
26538
26558
26579
26600
26621
26641
26662
26683
26703
26724
26745
26766
26786
26807
26828
26849
26869
26890
26911
26932
26952
26973
26994
27015
27035
27056
27077
27097
27118
27139
27160
27180
27201
27222
27243
27263
27284
27305
27326
27346
27367
27388
27408
27429
27450
27471
27491
27512
27533
27554
27574
27595
27616
27637
27657
27678
27699
27719
27740
27761
27782
27802
27823
27844
27865
27885
27906
27927
27948
27968
27989
28010
28031
28051
28072
28093
28113
28134
28155
28176
28196
28217
28238
28259
28279
28300
28321
28342
28362
28383
28404
28424
28445
28466
28487
28507
28528
28549
28570
28590
28611
28632
28653
28673
28694
28715
28735
28756
28777
28798
28818
28839
28860
28881
28901
28922
28943
28964
28984
29005
29026
29046
29067
29088
29109
29129
29150
29171
29192
29212
29233
29254
29275
29295
29316
29337
29358
29378
29399
29420
29440
29461
29482
29503
29523
29544
29565
29586
29606
29627
29648
29669
29689
29710
29731
29751
29772
29793
29814
29834
29855
29876
29897
29917
29938
29959
29980
30000
30021
30042
30062
30083
30104
30125
30145
30166
30187
30208
30228
30249
30270
30291
30311
30332
30353
30374
30394
30415
30436
30456
30477
30498
30519
30539
30560
30581
30602
30622
30643
30664
30685
30705
30726
30747
30767
30788
30809
30830
30850
30871
30892
30913
30933
30954
30975
30996
31016
31037
31058
31078
31099
31120
31141
31161
31182
31203
31224
31244
31265
31286
31307
31327
31348
31369
31389
31410
31431
31452
31472
31493
31514
31535
31555
31576
31597
31618
31638
31659
31680
31701
31721
31742
31763
31783
31804
31825
31846
31866
31887
31908
31929
31949
31970
31991
32012
32032
32053
32074
32094
32115
32136
32157
32177
32198
32219
32240
32260
32281
32302
32323
32343
32364
32385
32405
32426
32447
32468
32488
32509
32530
32551
32571
32592
32613
32634
32654
32675
32696
32716
32737
32758
32779
32799
32820
32841
32862
32882
32903
32924
32945
32965
32986
33007
33028
33048
33069
33090
33110
33131
33152
33173
33193
33214
33235
33256
33276
33297
33318
33339
33359
33380
33401
33421
33442
33463
33484
33504
33525
33546
33567
33587
33608
33629
33650
33670
33691
33712
33732
33753
33774
33795
33815
33836
33857
33878
33898
33919
33940
33961
33981
34002
34023
34044
34064
34085
34106
34126
34147
34168
34189
34209
34230
34251
34272
34292
34313
34334
34355
34375
34396
34417
34437
34458
34479
34500
34520
34541
34562
34583
34603
34624
34645
34666
34686
34707
34728
34748
34769
34790
34811
34831
34852
34873
34894
34914
34935
34956
34977
34997
35018
35039
35059
35080
35101
35122
35142
35163
35184
35205
35225
35246
35267
35288
35308
35329
35350
35371
35391
35412
35433
35453
35474
35495
35516
35536
35557
35578
35599
35619
35640
35661
35682
35702
35723
35744
35764
35785
35806
35827
35847
35868
35889
35910
35930
35951
35972
35993
36013
36034
36055
36075
36096
36117
36138
36158
36179
36200
36221
36241
36262
36283
36304
36324
36345
36366
36387
36407
36428
36449
36469
36490
36511
36532
36552
36573
36594
36615
36635
36656
36677
36698
36718
36739
36760
36780
36801
36822
36843
36863
36884
36905
36926
36946
36967
36988
37009
37029
37050
37071
37091
37112
37133
37154
37174
37195
37216
37237
37257
37278
37299
37320
37340
37361
37382
37402
37423
37444
37465
37485
37506
37527
37548
37568
37589
37610
37631
37651
37672
37693
37714
37734
37755
37776
37796
37817
37838
37859
37879
37900
37921
37942
37962
37983
61000
62000
63
63000
38004
38025
38045
38066
38087
38107
38128
38149
38170
38190
38211
38232
38253
38273
38294
38315
38336
38356
38377
38398
38418
38439
38460
38481
38501
38522
38543
38564
38584
38605
38626
38647
38667
38688
38709
38729
38750
38771
38792
38812
38833
38854
38875
38895
38916
38937
38958
38978
38999
39020
39041
39061
39082
39103
39123
39144
39165
39186
39206
39227
39248
39269
39289
39310
39331
39352
39372
39393
39414
39434
39455
39476
39497
39517
39538
39559
39580
39600
39621
39642
39663
39683
39704
39725
39745
39766
39787
39808
39828
39849
39870
39891
39911
39932
39953
39974
39994
40015
40036
40057
40077
40098
40119
40139
40160
40181
40202
40222
40243
40264
40285
40305
40326
40347
40368
40388
40409
40430
40450
40471
40492
40513
40533
40554
40575
40596
40616
40637
40658
40679
40699
40720
40741
40761
40782
40803
40824
40844
40865
40886
40907
40927
40948
40969
40990
41010
41031
41052
41072
41093
41114
41135
41155
41176
41197
41218
41238
41259
41280
41301
41321
41342
41363
41384
41404
41425
41446
41466
41487
41508
41529
41549
41570
41591
41612
41632
41653
41674
41695
41715
41736
41757
41777
41798
41819
41840
41860
41881
41902
41923
41943
41964
41985
42006
42026
42047
42068
42088
42109
42130
42151
42171
42192
42213
42234
42254
42275
42296
42317
42337
42358
42379
42400
42420
42441
42462
42482
42503
42524
42545
42565
42586
42607
42628
42648
42669
42690
42711
42731
42752
42773
42793
42814
42835
42856
42876
42897
42918
42939
42959
42980
43001
43022
43042
43063
43084
43104
43125
43146
43167
43187
43208
43229
43250
43270
43291
43312
43333
43353
43374
43395
43415
43436
43457
43478
43498
43519
43540
43561
43581
43602
43623
43644
43664
43685
43706
43727
43747
43768
43789
43809
43830
43851
43872
43892
43913
43934
43955
43975
43996
44017
44038
44058
44079
44100
44120
44141
44162
44183
44203
44224
44245
44266
44286
44307
44328
44349
44369
44390
44411
44431
44452
44473
44494
44514
44535
44556
44577
44597
44618
44639
44660
44680
44701
44722
44742
44763
44784
44805
44825
44846
44867
44888
44908
44929
44950
44971
44991
45012
45033
45054
45074
45095
45116
45136
45157
45178
45199
45219
45240
45261
45282
45302
45323
45344
45365
45385
45406
45427
45447
45468
45489
45510
45530
45551
45572
45593
45613
45634
45655
45676
45696
45717
45738
45758
45779
45800
45821
45841
45862
45883
45904
45924
45945
45966
45987
46007
46028
46049
46070
46090
46111
46132
46152
46173
46194
46215
46235
46256
46277
46298
46318
46339
46360
46381
46401
46422
46443
46463
46484
46505
46526
46546
46567
46588
46609
46629
46650
46671
46692
46712
46733
46754
46774
46795
46816
46837
46857
46878
46899
46920
46940
46961
46982
47003
47023
47044
47065
47085
47106
47127
47148
47168
47189
47210
47231
47251
47272
47293
47314
47334
47355
47376
47397
47417
47438
47459
47479
47500
47521
47542
47562
47583
47604
47625
47645
47666
47687
47708
47728
47749
47770
47790
47811
47832
47853
47873
47894
47915
47936
47956
47977
47998
48019
48039
48060
48081
48101
48122
48143
48164
48184
48205
48226
48247
48267
48288
48309
48330
48350
48371
48392
48413
48433
48454
48475
48495
48516
48537
48558
48578
48599
48620
48641
48661
48682
48703
48724
48744
48765
48786
48806
48827
48848
48869
48889
48910
48931
48952
48972
48993
49014
49035
49055
49076
49097
49117
49138
49159
49180
49200
49221
49242
49263
49283
49304
49325
49346
49366
49387
49408
49428
49449
49470
49491
49511
49532
49553
49574
49594
49615
49636
49657
49677
49698
49719
49740
49760
49781
49802
49822
49843
49864
49885
49905
49926
49947
49968
49988
50009
50030
50051
50071
50092
50113
50133
50154
50175
50196
50216
50237
50258
50279
50299
50320
50341
50362
50382
50403
50424
50444
50465
50486
50507
50527
50548
50569
50590
50610
50631
50652
50673
50693
50714
50735
50755
50776
50797
50818
50838
50859
50880
50901
50921
50942
50963
50984
51004
51025
51046
51067
51087
51108
51129
51149
51170
51191
51212
51232
51253
51274
51295
51315
51336
51357
51378
51398
51419
51440
51460
51481
51502
51523
51543
51564
51585
51606
51626
51647
51668
51689
51709
51730
51751
51771
51792
51813
51834
51854
51875
51896
51917
51937
51958
51979
52000
52020
52041
52062
52083
52103
52124
52145
52165
52186
52207
52228
52248
52269
52290
52311
52331
52352
52373
52394
52414
52435
52456
52476
52497
52518
52539
52559
52580
52601
52622
52642
52663
52684
52705
52725
52746
52767
52787
52808
52829
52850
52870
52891
52912
52933
52953
52974
52995
53016
53036
53057
53078
53098
53119
53140
53161
53181
53202
53223
53244
53264
53285
53306
53327
53347
53368
53389
53410
53430
53451
53472
53492
53513
53534
53555
53575
53596
53617
53638
53658
53679
53700
53721
53741
53762
53783
53803
53824
53845
53866
53886
53907
53928
53949
53969
53990
54011
54032
54052
54073
54094
54114
54135
54156
54177
54197
54218
54239
54260
54280
54301
54322
54343
54363
54384
54405
54426
54446
54467
54488
54508
54529
54550
54571
54591
54612
54633
54654
54674
54695
54716
54737
54757
54778
54799
54819
54840
54861
54882
54902
54923
54944
54965
54985
55006
55027
55048
55068
55089
55110
55130
55151
55172
55193
55213
55234
55255
55276
55296
55317
55338
55359
55379
55400
55421
55441
55462
55483
55504
55524
55545
55566
55587
55607
55628
55649
55670
55690
55711
55732
55753
55773
55794
55815
55835
55856
55877
55898
55918
55939
55960
55981
56001
56022
56043
56064
56084
56105
56126
56146
56167
56188
56209
56229
56250
56271
56292
56312
56333
56354
56375
56395
56416
56437
56457
56478
56499
56520
56540
56561
56582
56603
56623
56644
56665
56686
56706
56727
56748
56768
56789
56810
56831
56851
56872
56893
56914
56934
56955
56976
56997
57017
57038
57059
57080
57100
57121
57142
57162
57183
57204
57225
57245
57266
57287
57308
57328
57349
57370
57391
57411
57432
57453
57473
57494
57515
57536
57556
57577
57598
57619
57639
57660
57681
57702
57722
57743
57764
57784
57805
57826
57847
57867
57888
57909
57930
57950
57971
57992
58013
58033
58054
58075
58096
58116
58137
58158
58178
58199
58220
58241
58261
58282
58303
58324
58344
58365
58386
58407
58427
58448
58469
58489
58510
58531
58552
58572
58593
58614
58635
58655
58676
58697
58718
58738
58759
58780
58800
58821
58842
58863
58883
58904
58925
58946
58966
58987
59008
59029
59049
59070
59091
59111
59132
59153
59174
59194
59215
59236
59257
59277
59298
59319
59340
59360
59381
59402
59423
59443
59464
59485
59505
59526
59547
59568
59588
59609
59630
59651
59671
59692
59713
59734
59754
59775
59796
59816
59837
59858
59879
59899
59920
59941
59962
59982
60003
60024
60045
60065
60086
60107
60127
60148
60169
60190
60210
60231
60252
60273
60293
60314
60335
60356
60376
60397
60418
60439
60459
60480
60501
60521
60542
60563
60584
60604
60625
60646
60667
60687
60708
60729
60750
60770
60791
60812
60832
60853
60874
60895
60915
60936
60957
60978
60998
61019
61040
61061
61081
61102
61123
61143
61164
61185
61206
61226
61247
61268
61289
61309
61330
61351
61372
61392
61413
61434
61454
61475
61496
61517
61537
61558
61579
61600
61620
61641
61662
61683
61703
61724
61745
61766
61786
61807
61828
61848
61869
61890
61911
61931
61952
61973
61994
62014
62035
62056
62077
62097
62118
62139
62159
62180
62201
62222
62242
62263
62284
62305
62325
62346
62367
62388
62408
62429
62450
62470
62491
62512
62533
62553
62574
62595
62616
62636
62657
62678
62699
62719
62740
62761
62781
62802
62823
62844
62864
62885
62906
62927
62947
62968
62989
63010
63030
63051
63072
63093
63113
63134
63155
63175
63196
63217
63238
63258
63279
63300
63321
63341
63362
63383
63404
63424
63445
63466
63486
63507
63528
63549
63569
63590
63611
63632
63652
63673
63694
63715
63735
63756
63777
63797
63818
63839
63860
63880
63901
63922
63943
63963
63984
64005
64026
64046
64067
64088
64109
64129
64150
64171
64191
64212
64233
64254
64274
64295
64316
64337
64357
64378
64399
64420
64440
64461
64482
64502
64523
64544
64565
64585
64606
64627
64648
64668
64689
64710
64731
64751
64772
64793
64813
64834
64855
64876
64896
64917
64938
64959
64979
65000
65021
65042
65062
65083
65104
65124
65145
65166
65187
65207
65228
65249
65270
65290
65311
65332
65353
65373
65394
65415
65436
65456
65477
65498
65518
65539
65560
65581
65601
65622
65643
65664
65684
65705
65726
65747
65767
65788
65809
65829
65850
65871
65892
65912
65933
65954
65975
65995
66016
66037
66058
66078
66099
66120
66140
66161
66182
66203
66223
66244
66265
66286
66306
66327
66348
66369
66389
66410
66431
66452
66472
66493
66514
66534
66555
66576
66597
66617
66638
66659
66680
66700
66721
66742
66763
66783
66804
66825
66845
66866
66887
66908
66928
66949
66970
66991
67011
67032
67053
67074
67094
67115
67136
67156
67177
67198
67219
67239
67260
67281
67302
67322
67343
67364
67385
67405
67426
67447
67467
67488
67509
67530
67550
67571
67592
67613
67633
67654
67675
67696
67716
67737
67758
67779
67799
67820
67841
67861
67882
67903
67924
67944
67965
67986
68007
68027
68048
68069
68090
68110
68131
68152
68172
68193
68214
68235
68255
68276
68297
68318
68338
68359
68380
68401
68421
68442
68463
68483
68504
68525
68546
68566
68587
68608
68629
68649
68670
68691
68712
68732
68753
68774
68794
68815
68836
68857
68877
68898
68919
68940
68960
68981
69002
69023
69043
69064
69085
69106
69126
69147
69168
69188
69209
69230
69251
69271
69292
69313
69334
69354
69375
69396
69417
69437
69458
69479
69499
69520
69541
69562
69582
69603
69624
69645
69665
69686
69707
69728
69748
69769
69790
69810
69831
69852
69873
69893
69914
69935
69956
69976
69997
70018
70039
70059
70080
70101
70122
70142
70163
70184
70204
70225
70246
70267
70287
70308
70329
70350
70370
70391
70412
70433
70453
70474
70495
70515
70536
70557
70578
70598
70619
70640
70661
70681
70702
70723
70744
70764
70785
70806
70826
70847
70868
70889
70909
70930
70951
70972
70992
71013
71034
71055
71075
71096
71117
71137
71158
71179
71200
71220
71241
71262
71283
71303
71324
71345
71366
71386
71407
71428
71449
71469
71490
71511
71531
71552
71573
71594
71614
71635
71656
71677
71697
71718
71739
71760
71780
71801
71822
71842
71863
71884
71905
71925
71946
71967
71988
72008
72029
72050
72071
72091
72112
72133
72153
72174
72195
72216
72236
72257
72278
72299
72319
72340
72361
72382
72402
72423
72444
72465
72485
72506
72527
72547
72568
72589
72610
72630
72651
72672
72693
72713
72734
72755
72776
72796
72817
72838
72858
72879
72900
72921
72941
72962
72983
73004
73024
73045
73066
73087
73107
73128
73149
73169
73190
73211
73232
73252
73273
73294
73315
73335
73356
73377
73398
73418
73439
73460
73480
73501
73522
73543
73563
73584
73605
73626
73646
73667
73688
73709
73729
73750
73771
73792
73812
73833
73854
73874
73895
73916
73937
73957
73978
73999
74020
74040
74061
74082
74103
74123
74144
74165
74185
74206
74227
74248
74268
74289
74310
74331
74351
74372
74393
74414
74434
74455
74476
74496
74517
74538
74559
74579
74600
74621
74642
74662
74683
74704
74725
74745
74766
74787
74807
74828
74849
74870
74890
74911
74932
74953
74973
74994
75015
75036
75056
75077
75098
75119
75139
75160
75181
75201
75222
75243
75264
75284
75305
75326
75347
75367
75388
75409
75430
75450
75471
75492
75512
75533
75554
75575
75595
75616
75637
75658
75678
75699
75720
75741
75761
75782
75803
75823
75844
75865
75886
75906
75927
75948
75969
75989
76010
76031
76052
76072
76093
76114
76135
76155
76176
76197
76217
76238
76259
76280
76300
76321
76342
76363
76383
76404
76425
76446
76466
76487
76508
76528
76549
76570
76591
76611
76632
76653
76674
76694
76715
76736
76757
76777
76798
76819
76839
76860
76881
76902
76922
76943
76964
76985
77005
77026
77047
77068
77088
77109
77130
77150
77171
77192
77213
77233
77254
77275
77296
77316
77337
77358
77379
77399
77420
77441
77462
77482
77503
77524
77544
77565
77586
77607
77627
77648
77669
77690
77710
77731
77752
77773
77793
77814
77835
77855
77876
77897
77918
77938
77959
77980
78001
78021
78042
78063
78084
78104
78125
78146
78166
78187
78208
78229
78249
78270
78291
78312
78332
78353
78374
78395
78415
78436
78457
78478
78498
78519
78540
78560
78581
78602
78623
78643
78664
78685
78706
78726
78747
78768
78789
78809
78830
78851
78871
78892
78913
78934
78954
78975
78996
79017
79037
79058
79079
79100
79120
79141
79162
79182
79203
79224
79245
79265
79286
79307
79328
79348
79369
79390
79411
79431
79452
79473
79493
79514
79535
79556
79576
79597
79618
79639
79659
79680
79701
79722
79742
79763
79784
79805
79825
79846
79867
79887
79908
79929
79950
79970
79991
80012
80033
80043
80064
80085
80105
80126
80147
80167
80188
80209
80230
80250
80271
80292
80312
80333
80354
80375
80395
80416
80437
80457
80478
80499
80519
80540
80561
80582
80602
80623
80644
80664
80685
80706
80727
80747
80768
80789
80809
80830
80851
80871
80892
80913
80934
80954
80975
80996
81016
81037
81058
81079
81099
81120
81141
81161
81182
81203
81223
81244
81265
81286
81306
81327
81348
81368
81389
81410
81430
81451
81472
81493
81513
81534
81555
81575
81596
81617
81638
81658
81679
81700
81720
81741
81762
81782
81803
81824
81845
81865
81886
81907
81927
81948
81969
81990
82010
82031
82052
82072
82093
82114
82134
82155
82176
82197
82217
82238
82259
82279
82300
82321
82342
82362
82383
82404
82424
82445
82466
82486
82507
82528
82549
82569
82590
82611
82631
82652
82673
82694
82714
82735
82756
82776
82797
82818
82838
82859
82880
82901
82921
82942
82963
82983
83004
83025
83046
83066
83087
83108
83128
83149
83170
83190
83211
83232
83253
83273
83294
83315
83335
83356
83377
83398
83418
83439
83460
83480
83501
83522
83542
83563
83584
83605
83625
83646
83667
83687
83708
83729
83750
83770
83791
83812
83832
83853
83874
83894
83915
83936
83957
83977
83998
84019
84039
84060
84081
84102
84122
84143
84164
84184
84205
84226
84246
84267
84288
84309
84329
84350
84371
84391
84412
84433
84454
84474
84495
84516
84536
84557
84578
84598
84619
84640
84661
84681
84702
84723
84743
84764
84785
84806
84826
84847
84868
84888
84909
84930
84950
84971
84992
85013
85033
85054
85075
85095
85116
85137
85158
85178
85199
85220
85240
85261
85282
85302
85323
85344
85365
85385
85406
85427
85447
85468
85489
85510
85530
85551
85572
85592
85613
85634
85654
85675
85696
85717
85737
85758
85779
85799
85820
85841
85862
85882
85903
85924
85944
85965
85986
86006
86027
86048
86069
86089
86110
86131
86151
86172
86193
86214
86234
86255
86276
86296
86317
86338
86358
86379
86400
86421
86441
86462
86483
86503
86524
86545
86565
86586
86607
86628
86648
86669
86690
86710
86731
86752
86773
86793
86814
86835
86855
86876
86897
86917
86938
86959
86980
87000
87021
87042
87062
87083
87104
87125
87145
87166
87187
87207
87228
87249
87269
87290
87311
87332
87352
87373
87394
87414
87435
87456
87477
87497
87518
87539
87559
87580
87601
87621
87642
87663
87684
87704
87725
87746
87766
87787
87808
87829
87849
87870
87891
87911
87932
87953
87973
87994
88015
88036
88056
88077
88098
88118
88139
88160
88181
88201
88222
88243
88263
88284
88305
88325
88346
88367
88388
88408
88429
88450
88470
88491
88512
88533
88553
88574
88595
88615
88636
88657
88677
88698
88719
88740
88760
88781
88802
88822
88843
88864
88885
88905
88926
88947
88967
88988
89009
89029
89050
89071
89092
89112
89133
89154
89174
89195
89216
89237
89257
89278
89299
89319
89340
89361
89381
89402
89423
89444
89464
89485
89506
89526
89547
89568
89589
89609
89630
89651
89671
89692
89713
89733
89754
89775
89796
89816
89837
89858
89878
89899
89920
89941
89961
89982
90003
90023
90044
90065
90085
90106
90127
90148
90168
90189
90210
90230
90251
90272
90293
90313
90334
90355
90375
90396
90417
90437
90458
90479
90500
90520
90541
90562
90582
90603
90624
90645
90665
90686
90707
90727
90748
90769
90789
90810
90831
90852
90872
90893
90914
90934
90955
90976
90997
91017
91038
91059
91079
91100
91121
91141
91162
91183
91204
91224
91245
91266
91286
91307
91328
91348
91369
91390
91411
91431
91452
91473
91493
91514
91535
91556
91576
91597
91618
91638
91659
91680
91700
91721
91742
91763
91783
91804
91825
91845
91866
91887
91908
91928
91949
91970
91990
92011
92032
92052
92073
92094
92115
92135
92156
92177
92197
92218
92239
92260
92280
92301
92322
92342
92363
92384
92404
92425
92446
92467
92487
92508
92529
92549
92570
92591
92612
92632
92653
92674
92694
92715
92736
92756
92777
92798
92819
92839
92860
92881
92901
92922
92943
92964
92984
93005
93026
93046
93067
93088
93108
93129
93150
93171
93191
93212
93233
93253
93274
93295
93316
93336
93357
93378
93398
93419
93440
93460
93481
93502
93523
93543
93564
93585
93605
93626
93647
93668
93688
93709
93730
93750
93771
93792
93812
93833
93854
93875
93895
93916
93937
93957
93978
93999
94020
94040
94061
94082
94102
94123
94144
94164
94185
94206
94227
94247
94268
94289
94309
94330
94351
94372
94392
94413
94434
94454
94475
94496
94516
94537
94558
94579
94599
94620
94641
94661
94682
94703
94724
94744
94765
94786
94806
94827
94848
94868
94889
94910
94931
94951
94972
94993
95013
95034
95055
95076
95096
95117
95138
95158
95179
95200
95220
95241
95262
95283
95303
95324
95345
95365
95386
95407
95428
95448
95469
95490
95510
95531
95552
95572
95593
95614
95635
95655
95676
95697
95717
95738
95759
95780
95800
95821
95842
95862
95883
95904
95924
95945
95966
95987
96007
96028
96049
96069
96090
96111
96132
96152
96173
96194
96214
96235
96256
96276
96297
96318
96339
96359
96380
96401
96421
96442
96463
96483
96504
96525
96546
96566
96587
96608
96628
96649
96670
96691
96711
96732
96753
96773
96794
96815
96835
96856
96877
96898
96918
96939
96960
96980
97001
97022
97043
97063
97084
97105
97125
97146
97167
97187
97208
97229
97250
97270
97291
97312
97332
97353
97374
97395
97415
97436
97457
97477
97498
97519
97539
97560
97581
97602
97622
97643
97664
97684
97705
97726
97747
97767
97788
97809
97829
97850
97871
97891
97912
97933
97954
97974
97995
98016
98036
98057
98078
98099
98119
98140
98161
98181
98202
98223
98243
98264
98285
98306
98326
98347
98368
98388
98409
98430
98451
98471
98492
98513
98533
98554
98575
98595
98616
98637
98658
98678
98699
98720
98740
98761
98782
98803
98823
98844
98865
98885
98906
98927
98947
98968
98989
99010
99030
99051
99072
99092
99113
99134
99155
99175
99196
99217
99237
99258
99279
99299
99320
99341
99362
99382
99403
99424
99444
99465
99486
99507
99527
99548
99569
99589
99610
99631
99651
99672
99693
99714
99734
99755
99776
99796
99817
99838
99859
99879
99900
99921
99941
99962
99983
100003
100024
100045
100066
100086
100107
100128
100148
100169
100190
100211
100231
100252
100273
100293
100314
100335
100355
100376
100397
100418
100438
100459
100480
100500
100521
100542
100563
100583
100604
100625
100645
100666
100687
100707
100728
100749
100770
100790
100811
100832
100852
100873
100894
100915
100935
100956
100977
100997
101018
101039
101059
101080
101101
101122
101142
101163
101184
101204
101225
101246
101266
101287
101308
101329
101349
101370
101391
101411
101432
101453
101474
101494
101515
101536
101556
101577
101598
101618
101639
101660
101681
101701
101722
101743
101763
101784
101805
101826
101846
101867
101888
101908
101929
101950
101970
101991
102012
102033
102053
102074
102095
102115
102136
102157
102178
102198
102219
102240
102260
102281
102302
102322
102343
102364
102385
102405
102426
102447
102467
102488
102509
102530
102550
102571
102592
102612
102633
102654
102674
102695
102716
102737
102757
102778
102799
102819
102840
102861
102882
102902
102923
102944
102964
102985
103006
103026
103047
103068
103089
103109
103130
103151
103171
103192
103213
103234
103254
103275
